DST2410*01RRX020   0  -4  -3  -4  -4  -5  -5   1   6   6   5   4   4   3   3   4   6   3   3   1   3   8   9   8   8   3
DST2410*02RRX020   0   9  10   9   9  15  21  14  14  14  11  11  12  12  13  16  18  15  14  15  15  13  11  11  13  13
DST2410*03RRX020   0  18  22  21  23  23  21  22  23  23  25  21  17  14   5  -1   4  11  13  13   9   6   8  11  13  15
DST2410*04RRX020   0  16  18  17  18  16  19  22  22  21  21  20  20  20  19  18  12  15  14   4   3   3  -4  -4  -2  14
DST2410*05RRX020   0   2   6  10  10  11  14  15  13  15  17  12  13  14  15  17  20  21  16  12  10   5  10   8   7  12
DST2410*06RRX020   0  11  10  13  15  16  17  21  27  38  38  35  32  33  34  32  36  33  26  26  18  18  -2 -11 -33  20
DST2410*07RRX020   0 -24 -33 -29 -24 -23 -27 -21 -12 -12  -8  -9 -23 -47 -35 -28 -33 -41 -59 -71 -72 -96 -82 -69 -73 -40
DST2410*08RRX020   0 -95-107-106-116-135-135-136-148-135-104 -98-100 -98 -82 -75 -72 -72 -68 -63 -66 -60 -53 -54 -66 -94
DST2410*09RRX020   0 -75 -77 -70 -66 -76 -83 -66 -56 -59 -58 -56 -56 -52 -53 -51 -52 -46 -40 -36 -34 -33 -35 -34 -32 -54
DST2410*10RRX020   0 -32 -32 -32 -32 -30 -23 -18 -14 -12 -10 -11  -9  -6 -12 -13  47  12 -50-112-176-201-220-243-303 -64
DST2410*11RRX020   0-308-333-296-283-276-270-271-261-244-259-224-209-189-179-169-146-134-118-109-102 -99 -94 -90 -74-197
DST2410*12RRX020   0 -68 -71 -72 -77 -76 -74 -66 -71 -67 -63 -67 -74 -54 -55 -55 -64 -62 -55 -52 -45 -40 -42 -44 -41 -61
DST2410*13RRX020   0 -39 -38 -36 -35 -36 -35 -32 -31 -29 -26 -25 -27 -26 -29 -33 -36 -34 -32 -26 -22 -23 -23 -18 -15 -29
DST2410*14RRX020   0 -12  -9  -9 -16 -19 -20 -16 -17 -12  -9 -11 -11 -10 -10 -13 -11 -12 -12  -5  -9 -13 -14 -18 -20 -13
DST2410*15RRX020   0 -26 -31 -29 -34 -31 -29 -28 -34 -31 -32 -28 -19 -14 -16 -15 -15 -19 -21 -31 -28 -24 -20 -16 -17 -25
DST2410*16RRX020   0 -14 -16 -13 -18 -23 -18 -22 -27 -19 -24 -21 -14 -12 -10 -14 -13 -15 -23 -23 -21 -23 -24 -21 -17 -19
DST2410*17RRX020   0 -14 -19 -20 -21 -20 -28 -24 -15 -12  -9  -9  -6  -6  -6  -6  -7  -8  -8  -8  -9  -9  -8  -9 -14 -12
DST2410*18RRX020   0 -15 -21 -26 -23 -19 -20 -13  -9  -5  -2  -5  -2   0   3   2  -1  -6 -20 -20 -12  -5 -13 -15 -11 -11
DST2410*19RRX020   0 -25 -29 -30 -39 -41 -47 -41 -39 -34 -31 -30 -20 -15 -18 -24 -24 -25 -30 -29 -25 -34 -37 -30 -25 -30
DST2410*20RRX020   0 -21 -24 -22 -21 -18 -16  -8  -5  -3  -1  -1   2   3   3   2   2   4   1   0  -1   0  -1   1   4  -5
DST2410*21RRX020   0   6   2   3   1   0   2   3   3   0  -2  -3   1   4   7   8  10  15  14  12   7   6  10   8   3   5
DST2410*22RRX020   0  -3  -6  -5  -1  -3  -7  -7 -10 -11  -5  -1   1  -2  -9 -15 -18 -24 -29 -28 -29 -29 -22 -13  -8 -12
DST2410*23RRX020   0  -3  -2   4   1  -3   5  10   7  10  13  11   2   1   3   5   6   4  -1  -4  -1  -1  -1   0   0   3
DST2410*24RRX020   0   2   1  -3 -12 -13 -17 -22 -24 -24 -23 -21 -13  -8  -3  -3  -3  -1  -1  -7  -8 -10 -10  -4   1  -9
DST2410*25RRX020   0   3   3   4   6   6   6  10  12  13  13  14  16  15  16  16  16  16  14  12  13  13  15  14  10  12
DST2410*26RRX020   0  12  15  19  16  14  14  18  21  21  25  24  21  25  26  19  19  30  25  20  14  -2  -6   9   3  17
DST2410*27RRX020   0   0   5   8  10   9   7   9   9   5   3   0   2   4   1  -2  -7 -11 -19 -19 -17 -21 -17 -11  -8  -3
DST2410*28RRX020   0  -4  -6  -4  -5  -4  27  27   9   3   6   0   0   8  11   6   4   6   3  -4  -4  -1  -1   2   3   3
DST2410*29RRX020   0   4   3   1   3   4   2   3   1   0   3  -2  -2   3   7   5   4   8   1   0  -3 -12 -15  -8  -5   0
DST2410*30RRX020   0 -12 -22 -20 -15 -19 -24 -20 -18 -16 -29 -24 -15 -19 -15 -17 -14 -14 -14 -13  -8  -4   1   8   9 -14
DST2410*31RRX020   0   9   9   8   2   1   4   8   8   5   4   2   4   5   5   3   2   1   0  -5  -1   5   0 -10 -15   2
